4590
1947
2456
3194
6499
9764
9037
8558
7491
3898
571
4846
2168
1043
6733
1923
4886
8084
5756
3800
560
3518
1122
8903
2610
1532
4714
6556
6832
2109
1615
5479
6103
9167
8424
1702
9761
8369
5533
9554
2556
8951
688
4379
2835
9850
5897
7065
6691
8987
3015
7055
8655
8058
4230
2336
763
3578
5155
3903
8020
4687
4815
5370
5789
5323
3771
3078
4079
198
3141
3871
237
8078
8958
8907
8200
8645
1268
6008
4092
4819
6756
4354
9423
8768
5532
1866
7053
8739
7542
6804
3621
983
6441
9551
4782
9430
734
857
6915
4521
5777
6349
2179
1115
41
8188
4189
9117
1476
4995
1416
561
9723
2165
3263
6746
7717
1956
4266
151
563
7758
1715
2141
8017
2883
8145
5263
3394
7860
4824
5079
994
781
5380
714
7365
4211
9047
2000
4473
7329
6526
5896
6739
5183
8723
2346
8193
6148
4957
1061
9512
4396
2095
6180
3280
9285
9146
8396
2700
1679
8107
7057
249
8160
6819
6940
6927
7454
6747
9966
4626
6346
9715
3142
3975
2783
3184
7403
7294
3747
7319
3167
6913
3689
2628
5587
9063
405
228
1298
8221
7859
4052
991
2937
2740
8129
1407
9736
5979
7900
821
7595
2792
3948
3037
7628
7342
7784
5364
9219
3304
6145
4828
976
6279
2773
3283
2197
1912
1016
1920
3787
3680
8527
8530
2200
769
8560
9983
7998
7417
3633
9427
59
755
2697
5851
4132
9863
5734
623
368
6757
2877
803
4600
3744
123
1993
649
266
1632
768
3785
9449
7184
3162
8269
7677
4117
3569
6754
3899
3901
2167
283
5157
6813
551
6421
865
743
906
5773
1177
7328
7520
4471
5415
723
7058
3277
7726
1198
5783
934
2694
7364
3001
7650
6186
8861
5636
9697
2538
4088
4061
8666
3738
9252
6075
6472
10
2403
2389
2834
2091
8782
9719
5705
1735
271
2215
9590
5588
5891
4679
6482
7574
8703
6368
8310
7017
9999
3461
3580
3990
2895
102
2932
7978
3812
5844
7102
6390
4530
6111
7631
325
9441
8619
5939
7398
9722
4487
6786
414
8682
9798
5232
9231
1758
3609
5194
2443
8935
9788
9271
5595
8611
6403
1467
5731
1273
9150
938
9627
7959
2450
3853
3824
9987
1530
8440
6795
1276
598
9605
4122
7189
1479
5175
5119
1723
4781
3955
7544
9241
3583
1455
1412
4319
8190
1625
4821
8899
3352
2248
3497
8910
8710
5199
2936
7817
8218
7494
5335
9741
1190
4917
2461
3966
7739
5513
5047
8135
8609
4780
4691
641
8191
2635
8847
9038
2736
974
8304
9674
8123
6686
5565
8444
2272
1478
1951
217
4492
7253
9687
9841
8052
1681
4474
9485
6098
7521
2823
9699
6943
9772
7142
3220
1472
7318
7052
5995
3625
9122
638
1139
8795
8516
1711
573
7061
9031
1836
2218
1104
4245
5333
4031
2246
4236
9345
6254
9287
2114
8042
6720
5735
9474
7581
3273
7259
4020
2276
3700
5894
3062
6650
5398
6109
6859
7990
